idx	x	y	z	Ex_ref	Ey_ref	Ez_ref	Ew_x	Ew_y	Ew_z

0	0.0	0.0	0.0032248049595676263	-0.0	-0.0	197.0593543242184	0.0	0.0	0.0
1	0.0	-0.0016622715189364113	0.002742747106163061	-0.0	-0.0	177.31311468379116	-0.0	-0.6188474500211555	0.019293592776051742
0	0.0	0.0	0.0032248049595676263	-0.0	-0.0	197.0593543242184	0.0	0.0	0.0
1	0.0	-0.0016286902761296152	0.002742747106163061	-0.0	-0.0	177.31311468379116	-0.0	-0.7775954673664319	0.029504604685118428
0	0.0	0.0	0.0032248049595676263	-0.0	-0.0	197.0593543242184	0.0	0.0	0.0
1	0.0	-0.0015951090333228188	0.002742747106163061	-0.0	-0.0	177.31311468379116	-0.0	-0.970541821766363	0.043722338241349176
0	0.0	0.0	0.0032248049595676263	-0.0	-0.0	197.0593543242184	0.0	0.0	0.0
1	0.0	-0.0015615277905160227	0.002742747106163061	-0.0	-0.0	177.31311468379116	-0.0	-1.2032393055014166	0.06319522077044414
0	0.0	0.0	0.0032248049595676263	-0.0	-0.0	197.0593543242184	0.0	0.0	0.0
1	0.0	-0.0015279465477092266	0.002742747106163061	-0.0	-0.0	177.31311468379116	-0.0	-1.4816743384036977	0.08947359082318077
0	0.0	0.0	0.0032248049595676263	-0.0	-0.0	197.0593543242184	0.0	0.0	0.0
1	0.0	-0.0014943653049024304	0.002742747106163061	-0.0	-0.0	177.31311468379116	-0.0	-1.812179153702012	0.12445902053471901
0	0.0	0.0	0.0032248049595676263	-0.0	-0.0	197.0593543242184	0.0	0.0	0.0
1	0.0	-0.001460784062095634	0.002742747106163061	-0.0	-0.0	177.31311468379116	-0.0	-2.201306341011918	0.17045536511986228
0	0.0	0.0	0.0032248049595676263	-0.0	-0.0	197.0593543242184	0.0	0.0	0.0
1	0.0	-0.001427202819288838	0.002742747106163061	-0.0	-0.0	177.31311468379116	-0.0	-2.6556618387716306	0.23021969308000031
0	0.0	0.0	0.0032248049595676263	-0.0	-0.0	197.0593543242184	0.0	0.0	0.0
1	0.0	-0.0013936215764820418	0.002742747106163061	-0.0	-0.0	177.31311468379116	-0.0	-3.1816937184677494	0.3070107089422096
0	0.0	0.0	0.0032248049595676263	-0.0	-0.0	197.0593543242184	0.0	0.0	0.0
1	0.0	-0.0013600403336752457	0.002742747106163061	-0.0	-0.0	177.31311468379116	-0.0	-3.7854358342225596	0.40463172575341133
0	0.0	0.0	0.0032248049595676263	-0.0	-0.0	197.0593543242184	0.0	0.0	0.0
1	0.0	-0.0013264590908684494	0.002742747106163061	-0.0	-0.0	177.31311468379116	-0.0	-4.4722076273569344	0.5274647105591865
0	0.0	0.0	0.0032248049595676263	-0.0	-0.0	197.0593543242184	0.0	0.0	0.0
1	0.0	-0.0012928778480616532	0.002742747106163061	-0.0	-0.0	177.31311468379116	-0.0	-5.24627404491929	0.6804914538291289
0	0.0	0.0	0.0032248049595676263	-0.0	-0.0	197.0593543242184	0.0	0.0	0.0
1	0.0	-0.0012592966052548571	0.002742747106163061	-0.0	-0.0	177.31311468379116	-0.0	-6.110472581294418	0.8692975508122297
0	0.0	0.0	0.0032248049595676263	-0.0	-0.0	197.0593543242184	0.0	0.0	0.0
1	0.0	-0.0012257153624480608	0.002742747106163061	-0.0	-0.0	177.31311468379116	-0.0	-7.065817765338745	1.1000546810085217
0	0.0	0.0	0.0032248049595676263	-0.0	-0.0	197.0593543242184	0.0	0.0	0.0
1	0.0	-0.0011921341196412646	0.002742747106163061	-0.0	-0.0	177.31311468379116	-0.0	-8.111096828722106	1.3794766845213615
0	0.0	0.0	0.0032248049595676263	-0.0	-0.0	197.0593543242184	0.0	0.0	0.0
1	0.0	-0.0011585528768344685	0.002742747106163061	-0.0	-0.0	177.31311468379116	-0.0	-9.242473598173406	1.7147452116210002
0	0.0	0.0	0.0032248049595676263	-0.0	-0.0	197.0593543242184	0.0	0.0	0.0
1	0.0	-0.0011249716340276722	0.002742747106163061	-0.0	-0.0	177.31311468379116	-0.0	-10.453120613518104	2.1134013078461273
0	0.0	0.0	0.0032248049595676263	-0.0	-0.0	197.0593543242184	0.0	0.0	0.0
1	0.0	-0.001091390391220876	0.002742747106163061	-0.0	-0.0	177.31311468379116	-0.0	-11.73290181955591	2.5832002226277555
0	0.0	0.0	0.0032248049595676263	-0.0	-0.0	197.0593543242184	0.0	0.0	0.0
1	0.0	-0.00105780914841408	0.002742747106163061	-0.0	-0.0	177.31311468379116	-0.0	-13.068129640505733	3.1319280086344854
0	0.0	0.0	0.0032248049595676263	-0.0	-0.0	197.0593543242184	0.0	0.0	0.0
1	0.0	-0.0010242279056072836	0.002742747106163061	-0.0	-0.0	177.31311468379116	-0.0	-14.441420561388465	3.767180103601871
0	0.0	0.0	0.0032248049595676263	-0.0	-0.0	197.0593543242184	0.0	0.0	0.0
1	0.0	-0.0009906466628004876	0.002742747106163061	-0.0	-0.0	177.31311468379116	-0.0	-15.831672287508855	4.49610402211281
0	0.0	0.0	0.0032248049595676263	-0.0	-0.0	197.0593543242184	0.0	0.0	0.0
1	0.0	-0.0009570654199936913	0.002742747106163061	-0.0	-0.0	177.31311468379116	-0.0	-17.21418296696417	5.325110468931016
0	0.0	0.0	0.0032248049595676263	-0.0	-0.0	197.0593543242184	0.0	0.0	0.0
1	0.0	-0.0009234841771868952	0.002742747106163061	-0.0	-0.0	177.31311468379116	-0.0	-18.560928760331542	6.259559526241004
0	0.0	0.0	0.0032248049595676263	-0.0	-0.0	197.0593543242184	0.0	0.0	0.0
1	0.0	-0.0008899029343800989	0.002742747106163061	-0.0	-0.0	177.31311468379116	-0.0	-19.84101024733454	7.303430945297729
0	0.0	0.0	0.0032248049595676263	-0.0	-0.0	197.0593543242184	0.0	0.0	0.0
1	0.0	-0.0008563216915733027	0.002742747106163061	-0.0	-0.0	177.31311468379116	-0.0	-21.021270910168745	8.458989846183293
0	0.0	0.0	0.0032248049595676263	-0.0	0.9459880322565118	201.28057460182143	0.0	0.0	0.0
1	0.0	-0.0008227404487665066	0.002742747106163061	-0.0	-1.924719172053996	183.31762334917295	-0.0	-22.067082488633332	9.726461139022934
0	0.0	0.0	0.0032248049595676263	-0.0	4.466823292181161	201.35498602448672	0.0	0.0	0.0
1	0.0	-0.0007891592059597103	0.002742747106163061	-0.0	-9.118687207449096	183.39321503670965	-0.0	-22.943282745504437	11.103727560664389
0	0.0	0.0	0.0032248049595676263	-0.0	7.021283652045413	201.52200892278216	0.0	0.0	0.0
1	0.0	-0.0007555779631529142	0.002742747106163061	-0.0	-14.463759308237258	183.55966533341225	-0.0	-23.615241601670164	12.586067211509041
0	0.0	0.0	0.0032248049595676263	-0.0	8.180387798799263	201.76592434536605	0.0	0.0	0.0
1	0.0	-0.000721996720346118	0.002742747106163061	-0.0	-17.169654712853326	183.79266188567865	-0.0	-24.0500222732833	14.16594673412117
0	0.0	0.0	0.0032248049595676263	-0.0	8.104065237857586	202.06240268205752	0.0	0.0	0.0
1	0.0	-0.0006884154775393218	0.002742747106163061	-0.0	-17.650479467890882	184.05262923646842	-0.0	-24.217595591525875	15.832885684929424
0	0.0	0.0	0.0032248049595676263	-0.0	7.800942562702153	202.37887474943824	0.0	0.0	0.0
1	0.0	-0.0006548342347325257	0.002742747106163061	-0.0	-18.112288311341153	184.2830091376175	-0.0	-24.092058741634794	17.573406141937262
0	0.0	0.0	0.0032248049595676263	-0.0	7.956801153577566	202.74509588420895	0.0	0.0	0.0
1	0.0	-0.0006212529919257294	0.002742747106163061	-0.0	-20.214414912947674	184.46200938670935	-0.0	-23.652804814624353	19.371079147238895
0	0.0	0.0	0.0032248049595676263	-0.0	7.968294989035191	203.2224379605767	0.0	0.0	0.0
1	0.0	-0.0005876717491189332	0.002742747106163061	-0.0	-22.80896780174944	184.63320393859473	-0.0	-22.88558732759256	21.206676246385058
0	0.0	0.0	0.0032248049595676263	-0.0	7.864448017752776	203.7930224533939	0.0	0.0	0.0
1	0.0	-0.0005540905063121371	0.002742747106163061	-0.0	-25.87593673262786	184.81252576201274	-0.0	-21.783424606912902	23.058430264600204
0	0.0	0.0	0.0032248049595676263	-0.0	7.677402971437806	204.4337119760751	0.0	0.0	0.0
1	0.0	-0.0005205092635053408	0.002742747106163061	-0.0	-29.37989183461669	185.0005910445663	-0.0	-20.34729283888249	24.902404722901565
0	0.0	0.0	0.0032248049595676263	-0.0	7.43929404754041	205.11767956647776	0.0	0.0	0.0
1	0.0	-0.00048692802069854463	0.002742747106163061	-0.0	-33.2746144521608	185.1769897719814	-0.0	-18.58656366707914	26.712966172405995
0	0.0	0.0	0.0032248049595676263	-0.0	7.172280481766043	205.8231702606213	0.0	0.0	0.0
1	0.0	-0.0004533467778917485	0.002742747106163061	-0.0	-37.527119669641955	185.29817461011112	-0.0	-16.519152229351043	28.463348484943978
0	0.0	0.0	0.0032248049595676263	-0.0	6.88012917098749	206.54709823756923	0.0	0.0	0.0
1	0.0	-0.00041976553508495237	0.002742747106163061	-0.0	-42.11535882309278	185.30136153403623	-0.0	-14.171354038593119	30.126293084335853
0	0.0	0.0	0.0032248049595676263	-0.0	6.560858326766009	207.30435737611438	0.0	0.0	0.0
1	0.0	-0.000386184292278156	0.002742747106163061	-0.0	-46.96704773875745	185.11278599057997	-0.0	-11.577363482362527	31.67474454703268
0	0.0	0.0	0.0032248049595676263	-0.0	6.214504930047024	208.12362522993092	0.0	0.0	0.0
1	0.0	-0.0003526030494713599	0.002742747106163061	-0.0	-51.933698270549385	184.6574571855964	-0.0	-8.77848214912728	33.08257724323574
0	0.0	0.0	0.0032248049595676263	-0.0	5.84235491685899	209.04256963551015	0.0	0.0	0.0
1	0.0	-0.00031902180666456377	0.002742747106163061	-0.0	-56.812845062090986	183.86952359435605	-0.0	-5.822040777030574	34.325325996122686
0	0.0	0.0	0.0032248049595676263	-0.0	5.469055371385018	210.08362794033403	0.0	0.0	0.0
1	0.0	-0.0002854405638577674	0.002742747106163061	-0.0	-61.47907043847789	182.6950012692359	-0.0	-2.760073411649113	35.38089231871606
0	0.0	0.0	0.0032248049595676263	-0.0	5.167629835054138	211.20715883259834	0.0	0.0	0.0
1	0.0	-0.0002518593210509713	0.002742747106163061	-0.0	-65.8571608339306	181.08514351983814	-0.0	0.352204578389258	36.23019778408854
0	0.0	0.0	0.0032248049595676263	-0.0	4.996632401263112	212.29587441280404	0.0	0.0	0.0
1	0.0	-0.00021827807824417516	0.002742747106163061	-0.0	-69.6897785748042	178.98390514697482	-0.0	3.4580524844738947	36.85775754851349
0	0.0	0.0	0.0032248049595676263	-0.0	4.861574990791501	213.22903408706003	0.0	0.0	0.0
1	0.0	-0.00018469683543737903	0.002742747106163061	-0.0	-72.6170467898371	176.28584224317092	-0.0	6.500924854365442	37.252149940110414
0	0.0	0.0	0.0032248049595676263	-0.0	4.872855344246062	214.0312204329116	0.0	0.0	0.0
1	0.0	-0.0001511155926305827	0.002742747106163061	-0.0	-73.50921922618461	172.8906845797665	-0.0	9.426183804531332	37.406362216491225
0	0.0	0.0	0.0032248049595676263	-0.0	4.904466597082183	214.73786150432915	0.0	0.0	0.0
1	0.0	-0.00011753434982378656	0.002742747106163061	-0.0	-69.95299802466604	168.95522418666175	-0.0	12.182730602121648	37.317997867555135
0	0.0	0.0	0.0032248049595676263	-0.0	4.273678880088423	215.33207835563167	0.0	0.0	0.0
1	0.0	-8.395310701699043e-05	0.002742747106163061	-0.0	-59.29606347522304	165.11422921525553	-0.0	14.72448845413303	36.98933690585007
0	0.0	0.0	0.0032248049595676263	-0.0	2.899941510561741	215.78410117271224	0.0	0.0	0.0
1	0.0	-5.0371864210194085e-05	0.002742747106163061	-0.0	-40.15861513250179	162.08764209133923	-0.0	17.01167646774831	36.42724710622538
0	0.0	0.0	0.0032248049595676263	-0.0	1.0077226896500737	216.03127282938547	0.0	0.0	0.0
1	0.0	-1.6790621403397956e-05	0.002742747106163061	-0.0	-14.239077254865842	160.42758530981513	-0.0	19.011825886717464	35.64295075901232
0	0.0	0.0	0.0032248049595676263	-0.0	-1.0077226896500873	216.03127282938547	0.0	0.0	0.0
1	0.0	1.6790621403398173e-05	0.002742747106163061	-0.0	14.239077254866025	160.42758530981513	-0.0	-19.011825886717457	35.64295075901233
0	0.0	0.0	0.0032248049595676263	-0.0	-2.899941510561753	215.78410117271224	0.0	0.0	0.0
1	0.0	5.03718642101943e-05	0.002742747106163061	-0.0	40.15861513250194	162.08764209133923	-0.0	-17.01167646774829	36.42724710622537
0	0.0	0.0	0.0032248049595676263	-0.0	-4.273678880088431	215.33207835563167	0.0	0.0	0.0
1	0.0	8.395310701699065e-05	0.002742747106163061	-0.0	59.296063475223136	165.11422921525556	-0.0	-14.724488454133015	36.989336905850074
0	0.0	0.0	0.0032248049595676263	-0.0	-4.9044665970821875	214.73786150432915	0.0	0.0	0.0
1	0.0	0.00011753434982378678	0.002742747106163061	-0.0	69.9529980246661	168.95522418666178	-0.0	-12.18273060212163	37.31799786755514
0	0.0	0.0	0.0032248049595676263	-0.0	-4.872855344246061	214.0312204329116	0.0	0.0	0.0
1	0.0	0.0001511155926305829	0.002742747106163061	-0.0	73.50921922618463	172.89068457976657	-0.0	-9.426183804531318	37.406362216491246
0	0.0	0.0	0.0032248049595676263	-0.0	-4.861574990791501	213.22903408706003	0.0	0.0	0.0
1	0.0	0.00018469683543737903	0.002742747106163061	-0.0	72.6170467898371	176.28584224317092	-0.0	-6.500924854365442	37.252149940110414
0	0.0	0.0	0.0032248049595676263	-0.0	-4.996632401263113	212.29587441280404	0.0	0.0	0.0
1	0.0	0.00021827807824417538	0.002742747106163061	-0.0	69.68977857480417	178.98390514697485	-0.0	-3.458052484473875	36.85775754851348
0	0.0	0.0	0.0032248049595676263	-0.0	-5.1676298350541385	211.20715883259834	0.0	0.0	0.0
1	0.0	0.0002518593210509715	0.002742747106163061	-0.0	65.85716083393059	181.08514351983814	-0.0	-0.35220457838923847	36.23019778408853
0	0.0	0.0	0.0032248049595676263	-0.0	-5.46905537138502	210.08362794033403	0.0	0.0	0.0
1	0.0	0.00028544056385776764	0.002742747106163061	-0.0	61.47907043847786	182.6950012692359	-0.0	2.760073411649132	35.38089231871604
0	0.0	0.0	0.0032248049595676263	-0.0	-5.842354916858992	209.04256963551012	0.0	0.0	0.0
1	0.0	0.000319021806664564	0.002742747106163061	-0.0	56.812845062090936	183.86952359435605	-0.0	5.822040777030594	34.32532599612268
0	0.0	0.0	0.0032248049595676263	-0.0	-6.214504930047024	208.12362522993092	0.0	0.0	0.0
1	0.0	0.0003526030494713599	0.002742747106163061	-0.0	51.933698270549385	184.6574571855964	-0.0	8.77848214912728	33.08257724323574
0	0.0	0.0	0.0032248049595676263	-0.0	-6.560858326766013	207.30435737611438	0.0	0.0	0.0
1	0.0	0.00038618429227815624	0.002742747106163061	-0.0	46.9670477387574	185.11278599057997	-0.0	11.57736348236255	31.674744547032677
0	0.0	0.0	0.0032248049595676263	-0.0	-6.88012917098749	206.54709823756923	0.0	0.0	0.0
1	0.0	0.0004197655350849526	0.002742747106163061	-0.0	42.11535882309275	185.30136153403623	-0.0	14.171354038593131	30.12629308433584
0	0.0	0.0	0.0032248049595676263	-0.0	-7.172280481766043	205.8231702606213	0.0	0.0	0.0
1	0.0	0.0004533467778917485	0.002742747106163061	-0.0	37.527119669641955	185.29817461011112	-0.0	16.519152229351043	28.463348484943978
0	0.0	0.0	0.0032248049595676263	-0.0	-7.439294047540411	205.11767956647776	0.0	0.0	0.0
1	0.0	0.00048692802069854484	0.002742747106163061	-0.0	33.27461445216077	185.1769897719814	-0.0	18.586563667079147	26.71296617240597
0	0.0	0.0	0.0032248049595676263	-0.0	-7.677402971437808	204.4337119760751	0.0	0.0	0.0
1	0.0	0.0005205092635053412	0.002742747106163061	-0.0	29.379891834616636	185.0005910445663	-0.0	20.347292838882503	24.902404722901533
0	0.0	0.0	0.0032248049595676263	-0.0	-7.864448017752776	203.7930224533939	0.0	0.0	0.0
1	0.0	0.0005540905063121371	0.002742747106163061	-0.0	25.87593673262786	184.81252576201274	-0.0	21.783424606912902	23.058430264600204
0	0.0	0.0	0.0032248049595676263	-0.0	-7.968294989035192	203.2224379605767	0.0	0.0	0.0
1	0.0	0.0005876717491189334	0.002742747106163061	-0.0	22.808967801749414	184.63320393859473	-0.0	22.885587327592575	21.20667624638505
0	0.0	0.0	0.0032248049595676263	-0.0	-7.956801153577566	202.74509588420895	0.0	0.0	0.0
1	0.0	0.0006212529919257298	0.002742747106163061	-0.0	20.214414912947635	184.46200938670933	-0.0	23.652804814624353	19.371079147238863
0	0.0	0.0	0.0032248049595676263	-0.0	-7.800942562702153	202.37887474943824	0.0	0.0	0.0
1	0.0	0.0006548342347325257	0.002742747106163061	-0.0	18.112288311341153	184.2830091376175	-0.0	24.092058741634794	17.573406141937262
0	0.0	0.0	0.0032248049595676263	-0.0	-8.104065237857588	202.06240268205752	0.0	0.0	0.0
1	0.0	0.000688415477539322	0.002742747106163061	-0.0	17.650479467890886	184.05262923646842	-0.0	24.21759559152587	15.832885684929412
0	0.0	0.0	0.0032248049595676263	-0.0	-8.180387798799263	201.76592434536605	0.0	0.0	0.0
1	0.0	0.000721996720346118	0.002742747106163061	-0.0	17.169654712853326	183.79266188567865	-0.0	24.0500222732833	14.16594673412117
0	0.0	0.0	0.0032248049595676263	-0.0	-7.021283652045407	201.52200892278216	0.0	0.0	0.0
1	0.0	0.0007555779631529143	0.002742747106163061	-0.0	14.463759308237247	183.55966533341225	-0.0	23.615241601670164	12.586067211509038
0	0.0	0.0	0.0032248049595676263	-0.0	-4.466823292181135	201.35498602448672	0.0	0.0	0.0
1	0.0	0.0007891592059597107	0.002742747106163061	-0.0	9.11868720744904	183.39321503670962	-0.0	22.943282745504433	11.103727560664376
0	0.0	0.0	0.0032248049595676263	-0.0	-0.9459880322565118	201.28057460182143	0.0	0.0	0.0
1	0.0	0.0008227404487665066	0.002742747106163061	-0.0	1.924719172053996	183.31762334917295	-0.0	22.067082488633332	9.726461139022934
0	0.0	0.0	0.0032248049595676263	-0.0	-0.0	197.0593543242184	0.0	0.0	0.0
1	0.0	0.0008563216915733029	0.002742747106163061	-0.0	-0.0	177.31311468379116	-0.0	21.021270910168735	8.458989846183284
0	0.0	0.0	0.0032248049595676263	-0.0	-0.0	197.0593543242184	0.0	0.0	0.0
1	0.0	0.0008899029343800993	0.002742747106163061	-0.0	-0.0	177.31311468379116	-0.0	19.841010247334527	7.303430945297717
0	0.0	0.0	0.0032248049595676263	-0.0	-0.0	197.0593543242184	0.0	0.0	0.0
1	0.0	0.0009234841771868952	0.002742747106163061	-0.0	-0.0	177.31311468379116	-0.0	18.560928760331542	6.259559526241004
0	0.0	0.0	0.0032248049595676263	-0.0	-0.0	197.0593543242184	0.0	0.0	0.0
1	0.0	0.0009570654199936915	0.002742747106163061	-0.0	-0.0	177.31311468379116	-0.0	17.214182966964156	5.325110468931008
0	0.0	0.0	0.0032248049595676263	-0.0	-0.0	197.0593543242184	0.0	0.0	0.0
1	0.0	0.0009906466628004879	0.002742747106163061	-0.0	-0.0	177.31311468379116	-0.0	15.831672287508848	4.496104022112806
0	0.0	0.0	0.0032248049595676263	-0.0	-0.0	197.0593543242184	0.0	0.0	0.0
1	0.0	0.0010242279056072838	0.002742747106163061	-0.0	-0.0	177.31311468379116	-0.0	14.441420561388467	3.767180103601869
0	0.0	0.0	0.0032248049595676263	-0.0	-0.0	197.0593543242184	0.0	0.0	0.0
1	0.0	0.0010578091484140801	0.002742747106163061	-0.0	-0.0	177.31311468379116	-0.0	13.068129640505717	3.1319280086344805
0	0.0	0.0	0.0032248049595676263	-0.0	-0.0	197.0593543242184	0.0	0.0	0.0
1	0.0	0.0010913903912208765	0.002742747106163061	-0.0	-0.0	177.31311468379116	-0.0	11.732901819555881	2.5832002226277466
0	0.0	0.0	0.0032248049595676263	-0.0	-0.0	197.0593543242184	0.0	0.0	0.0
1	0.0	0.0011249716340276724	0.002742747106163061	-0.0	-0.0	177.31311468379116	-0.0	10.453120613518097	2.113401307846125
0	0.0	0.0	0.0032248049595676263	-0.0	-0.0	197.0593543242184	0.0	0.0	0.0
1	0.0	0.0011585528768344687	0.002742747106163061	-0.0	-0.0	177.31311468379116	-0.0	9.242473598173394	1.714745211620997
0	0.0	0.0	0.0032248049595676263	-0.0	-0.0	197.0593543242184	0.0	0.0	0.0
1	0.0	0.0011921341196412646	0.002742747106163061	-0.0	-0.0	177.31311468379116	-0.0	8.111096828722106	1.3794766845213615
0	0.0	0.0	0.0032248049595676263	-0.0	-0.0	197.0593543242184	0.0	0.0	0.0
1	0.0	0.001225715362448061	0.002742747106163061	-0.0	-0.0	177.31311468379116	-0.0	7.0658177653387355	1.1000546810085194
0	0.0	0.0	0.0032248049595676263	-0.0	-0.0	197.0593543242184	0.0	0.0	0.0
1	0.0	0.0012592966052548573	0.002742747106163061	-0.0	-0.0	177.31311468379116	-0.0	6.110472581294409	0.869297550812228
0	0.0	0.0	0.0032248049595676263	-0.0	-0.0	197.0593543242184	0.0	0.0	0.0
1	0.0	0.0012928778480616532	0.002742747106163061	-0.0	-0.0	177.31311468379116	-0.0	5.24627404491929	0.6804914538291289
0	0.0	0.0	0.0032248049595676263	-0.0	-0.0	197.0593543242184	0.0	0.0	0.0
1	0.0	0.0013264590908684496	0.002742747106163061	-0.0	-0.0	177.31311468379116	-0.0	4.472207627356932	0.5274647105591859
0	0.0	0.0	0.0032248049595676263	-0.0	-0.0	197.0593543242184	0.0	0.0	0.0
1	0.0	0.001360040333675246	0.002742747106163061	-0.0	-0.0	177.31311468379116	-0.0	3.785435834222554	0.4046317257534104
0	0.0	0.0	0.0032248049595676263	-0.0	-0.0	197.0593543242184	0.0	0.0	0.0
1	0.0	0.0013936215764820418	0.002742747106163061	-0.0	-0.0	177.31311468379116	-0.0	3.1816937184677494	0.3070107089422096
0	0.0	0.0	0.0032248049595676263	-0.0	-0.0	197.0593543242184	0.0	0.0	0.0
1	0.0	0.0014272028192888382	0.002742747106163061	-0.0	-0.0	177.31311468379116	-0.0	2.655661838771629	0.23021969308
0	0.0	0.0	0.0032248049595676263	-0.0	-0.0	197.0593543242184	0.0	0.0	0.0
1	0.0	0.0014607840620956345	0.002742747106163061	-0.0	-0.0	177.31311468379116	-0.0	2.2013063410119122	0.17045536511986156
0	0.0	0.0	0.0032248049595676263	-0.0	-0.0	197.0593543242184	0.0	0.0	0.0
1	0.0	0.0014943653049024304	0.002742747106163061	-0.0	-0.0	177.31311468379116	-0.0	1.812179153702012	0.12445902053471901
0	0.0	0.0	0.0032248049595676263	-0.0	-0.0	197.0593543242184	0.0	0.0	0.0
1	0.0	0.0015279465477092268	0.002742747106163061	-0.0	-0.0	177.31311468379116	-0.0	1.481674338403696	0.08947359082318058
0	0.0	0.0	0.0032248049595676263	-0.0	-0.0	197.0593543242184	0.0	0.0	0.0
1	0.0	0.0015615277905160231	0.002742747106163061	-0.0	-0.0	177.31311468379116	-0.0	1.2032393055014146	0.06319522077044394
0	0.0	0.0	0.0032248049595676263	-0.0	-0.0	197.0593543242184	0.0	0.0	0.0
1	0.0	0.001595109033322819	0.002742747106163061	-0.0	-0.0	177.31311468379116	-0.0	0.9705418217663625	0.04372233824134908
0	0.0	0.0	0.0032248049595676263	-0.0	-0.0	197.0593543242184	0.0	0.0	0.0
1	0.0	0.0016286902761296154	0.002742747106163061	-0.0	-0.0	177.31311468379116	-0.0	0.7775954673664309	0.029504604685118382
0	0.0	0.0	0.0032248049595676263	-0.0	-0.0	197.0593543242184	0.0	0.0	0.0
1	0.0	0.0016622715189364113	0.002742747106163061	-0.0	-0.0	177.31311468379116	-0.0	0.6188474500211555	0.019293592776051742
